1060 6900
1101 931
1103 933
1111 609
1112 610
1115 561
1116 564
1121 479
1122 478
1128 404
1130 920
1131 84
1137 85
1143 912
1144 125
1146 86
1147 7985
1149 70852
1151 963
1152 965
1155 964
1156 966
1161 464
1162 653
1167 444
1174 938
1176 939
1178 835
1181 551
1182 438
1183 417
1184 427
1185 553
1187 913
1188 916
1189 915
1191 914
1201 70613
1207 70614
1223 7500
1224 7500
1226 7513
1227 7513
1228 7513
1229 7513
1231 7976
1234 6928
1235 7981
1237 7982
1238 7973
1239 7983
1250 7504
1251 7504
1252 7504
1253 7504
1301 601
1303 558
1308 7990
1309 5903
1315 607
1318 15237
1319 603
1320 21547
1324 604
1326 608
1327 605
1329 15237
1341 188
1343 186
1365 316
1369 580
1399 525
1401 934
1403 439
1404 971
1411 935
1412 937
1413 70618
1416 562
1431 917
1441 548
1444 546
1449 981
1455 929
1461 466
1462 467
1472 6925
1474 6924
1481 7971
1482 7972
1492 980
1529 508
1601 555
1604 6334
1624 557
1663 470
1665 315
1669 582
1676 71752
1682 1478
1683 1479
1702 125
1703 433
1704 125
1706 1440
1708 7349
1721 126
1724 436
1726 9021
1727 1052
1729 440
1731 128
1733 137
1734 137
1739 434
1740 7980
1741 127
1744 6797
1745 6798
1746 6798
1747 463
1751 93
1753 432
1754 5406
1781 94
1810 571
1812 96
1814 97
1815 95
1822 7996
1824 7997
1826 7995
1831 5914
1913 906
1915 907
1938 908
1940 1480
2101 1433
2106 1443
2107 1443
2109 1436
2111 1444
2112 1435
2140 7341
2149 7979
2150 7
2151 7979
2152 6325
2153 1
2154 258
2155 7978
2156 1481
2162 7343
2163 7344
2166 7346
2170 1471
2171 1472
2173 1470
2174 1474
2175 1475
2176 1475
2190 1476
2191 1477
2301 124
2303 674
2311 661
2313 675
2315 662
2317 302
2330 7338
2331 7338
2351 123
2380 7339
2381 7340
2387 7331
2388 7331
2391 1480
2505 268
2512 6883
2513 6885
2514 6884
2825 9021
2924 7993
2925 9045
2929 6799
2930 471
2931 472
ISO:3912 6888
ISO:4014 931
ISO:4017 933
ISO:4018 558
ISO:4032 934
ISO:4035 439
ISO:4036 439
ISO:4161 6923
ISO:4247 172
ISO:4762 912
ISO:5712 6914
ISO:5713 6915
ISO:6606 6888
ISO:7043 6926
ISO:7044 6927
ISO:7089 125
ISO:7090 125
ISO:7091 126
ISO:7092 433
ISO:7379 9841
ISO:7411 6914
ISO:7412 6914
ISO:7413 6915
ISO:7414 6915
ISO:7415 6916
ISO:7416 6916
ISO:8112 7500
ISO:8676 961
ISO:8765 960
ISO:8835 7967
ISO:9327 7984
